test_files - Copy/mo_oo_ere (10).asc
ncols         18
nrows         18
xllcorner     1007748.26
yllcorner     -1571064.32
cellsize      1000
NODATA_value  -9999
0.1927082 0.2314092 0.4567872 0.4132827 0.2681659  0.4870024  0.6913843  0.5797904 0.1648805  0.4212723  0.4878442  0.4196865  0.8611009  0.4453022   0.4033593    0.2755245    0.4996857   0.466564
0.1636314 0.0516457 0.336685 0.4726795 0.1648805  0.131671   0.04176111 0.5944656 0.6756278  0.2191132  0.4255122  0.7745724  0.7804425  0.465573    0.4372826    0.4052622    0.7623603   0.846991
0.2221355 0.1549368 0.409793 0.3510053 0.2673997  0.2801399  0.6303909  0.8811733 0.494527   0.5021431  1.110544   0.9379979  0.1771768  0.2786712   0.1892164    0.3546397    0.722221    0.845173
0.2407517 0.1902976 0.4397388 0.2937256 0.4196865  0.4221237  0.3371417  0.5089404 0.1902976  0.365887   0.6669952  0.2582268  0.6627529  0.4240633   0.5428783    0.3343921    0.6495437   0.237102
0.1017906 0.1648805 0.3178786 0.2755245 0.3682624  0.4585802  0.3682624  0.4221237 0.3955266  0.06794441 0.2923253  0.360663   0.7135774  0.2221355   0.3856782    0.3682624    0.4686475   0.32029
0.0905925 0.2085589 0.2879053 0.4221237 0.4216374  0.2727177  0.2751519  0.4963903 0.6107214  0.4486299  0.409793   0.4006801  0.3623655  0.2532123   0.1076679    0.2362352    0.4112922   0.539181
0.1911045 0.2879053 0.3527545 0.3796465 0.4017028  0.1892164  0.131671   0.359238  0.4397388  0.4077855  0.5169395  0.5868244  0.3944878  0.7014728   0.5444819    0.2786712    0.5371799   0.263535
0.167657 0.2727177 0.3856782 0.3556507 0.4043753  0.2364522  0.1042798  0.3403216 0.1902976  0.09555254 0.2673997  0.1924419  0.3180399  0.7782711   0.4131586    0.6026908    0.5745477   0.054544
0.081659 0.167657 0.379241 0.3653259 0.3294471  0.2038324  0.1966603  0.4152636 0.2451849  0.246437   0.2362352  0.1572371  0.1825946  0.6758555   0.07161969   0.6247522    0.4077855   0.109088
0.1017906 0.1633177 0.433513 0.4297103 0.3100368  0.1546054  0.04176111 0.336685  0.4592508  0.4567872  0.1768871  0.352318   0.3951373  0.306208    0.3653259    0.4996857    0.53171     0.286477
0.1154832 0.1417995 0.4552125 0.5481433 0.3404723  0.172185   0.07303803 0.1450186 0.1219638  0.4495436  0.4724624  0.5371799  0.508638   0.5253051   0.5724013    0.29909      0.3492474   0.263341
0.09115695 0.1012855 0.3527545 0.5518732 0.3217278  0.223746   0.2364522  0.1505715 0.4056417  0.1236346  0.29909    0.5267676  0.2165228  0.1768871   0.50408      0.2242041    0.2534148   0.343771
0.01432395 0.1862106 0.3354641 0.4517062 0.2264803  0.2588221  0.3950075  0.3796465 0.1935051  0.359238   0.6218724  0.8181038  0.6067617  0.2696917   0.4691944    0.4682095    0.3053694   0.365185
0.1542732 0.1966603 0.3146349 0.359238  0.09338062 0.1884014  0.3397182  0.3970796 0.1927082  0.3850127  0.5905704  0.6296583  0.3759811  0.22121     0.5142537    1.0178       1.137906    0.71113
0.2781185 0.1935051 0.3427245 0.2449757 0.1966603  0.167657   0.3085442  0.2604026 0.3651854  0.5712354  0.2868344  0.3165851  0.5562239  0.6664568   0.80852      0.5134552    1.120425    1.312972
0.3317742 0.2604026 0.3464458 0.1421608 0.2673997  0.0516457  0.2900353  0.2837781 0.3990125  0.6237663  0.4726795  0.3896474  0.7008876  0.8092808   0.4660135    0.04176111   0.4548744   1.325212
0.3272602 0.3272602 0.2407517 0.01432395 0.2439265  0.1269103  0.2230572  0.3011409 0.4660135  0.6043055  0.5375617  0.3269466  0.151928   0.13206     0.53632      0.489209     0.5842844   0.694197
0.2085589 0.3510053 0.1219638 0.1532725 0.1924419  0.2085589  0.137763   0.3670068 0.5085371  0.5773971  0.4232158  0.336685   0.3128366  0.5637341   0.6991293    0.5124553    0.5812041   0.461923
