test_files - Copy/mo_oo_2019 (6).asc
ncols         18
nrows         18
xllcorner     1007748.26
yllcorner     -1571064.32
cellsize      1000
NODATA_value  -9999
131.99  201.80  228.81  242.10  235.89  208.07  166.83  154.38  267.51  342.18   40.24  334.75  313.65  332.20  286.50  351.03   62.70  107.88
113.20  236.31  271.22  270.00  272.49  135.00  149.04  328.80  338.88  348.69    6.77  342.24  312.77    0.88  328.39  316.43   64.40   86.12
110.77  236.31  275.01  268.83  262.30  355.60  338.68  314.34   10.01    3.27  324.98    7.02   14.04  205.91  209.48  226.64  112.75   89.03
120.38  250.20  253.93  225.00  233.33  255.26  282.26  272.42  340.20  356.63  273.08  109.44   96.20  175.16  216.42  189.87  124.22   64.98
129.29  267.51  255.65  261.03  283.50  271.79  256.50  255.26  264.81   71.57  210.96  186.84  100.41   91.85  248.20  166.50  128.80  259.70
108.44  254.05  275.71  284.74  290.90  283.67  231.34  226.17  230.71  163.30  174.99  204.27  108.44   61.26  176.19  165.96  125.07  219.61
102.99  264.29  275.83  268.92  258.69  240.52  202.38  246.50  239.68  149.38  169.62  203.75  176.88  139.97  178.49  244.09   90.76  222.80
109.98  256.33  248.20  244.98  247.07  234.87  254.05  278.47  250.20  102.99   69.62  225.00  187.77  116.80  213.69  249.84   94.29  246.80
127.88  250.02  259.11  268.88  270.00  251.57  213.11  237.68  186.71  215.54  104.04  120.07  258.69   74.64  306.87  244.90  120.62  156.80
140.71  232.13  262.41  270.00  276.63  283.39  149.04  209.29  183.58  221.19  158.63  116.57  223.53  100.78   88.88  207.30  175.36  180.00
119.74  225.00  245.85  252.51  255.38  253.07  348.69   32.91  130.24  210.65  194.04  132.84  189.73  191.00  121.70  163.30  208.14  202.38
135.00  278.13  275.83  267.77  253.18  219.81  234.87  334.65   47.86   79.99  196.70  136.10  214.22  248.63  112.56  153.44  222.71  180.00
270.00  292.62  286.11  272.73  235.30  194.42  225.00  234.21   92.12   23.50  352.06   23.20  348.42   10.71   58.74  353.85   39.29  131.82
291.80  303.11  281.82  274.57  184.40  188.75  235.30  230.86  228.01  316.51  337.17   33.87   40.36   60.95  347.13  346.16   49.59   80.73
281.89  308.99  296.03  285.26  123.11  199.98  248.20  238.50  244.44  262.07  272.86   52.35   34.51    8.65  327.30  337.01   57.53   50.75
283.74  301.50  299.74  319.09   82.30  213.69  237.09  227.05  248.96  257.40  270.00  342.90    7.63    0.51  357.36   30.96   33.44   51.58
293.20  293.20  292.75  270.00   86.63  106.39  227.60  244.65  267.36  275.44  267.71  241.19  225.00  139.40  124.11  162.10  191.31  111.80
285.95  271.17  266.63  142.59  135.00  105.95  242.10  264.40  269.19  262.88  246.04  231.91  195.95  152.78  136.66  153.44  176.47  172.88
